  2.9773701572580591
  2.4819299064966844
  2.0594836107002110
  1.7039018414380580
  1.4078622008104034
  1.1636366793103756
  0.9636575917587673
  0.8008854571400804
  0.6690155865044559
  0.5625636610521890
  0.4768677133340248
  0.4080377235128222
  0.3528767682767369
  0.3087907376886418
  0.2736977982067132
  0.2459442718224411
  0.2242303683257695
  0.2075470498631152
  0.1951239774717158
  0.1863877524811368
  0.1809293233620022
  0.1784793267670464
  0.1788901563871861
  0.1821236227333161
  0.1882431210578756
  0.1974092169256910
  0.2098774501357510
  0.2259969120203473
  0.2462077364926459
  0.2710350381771270
  0.3010760284303854
  0.3369760789087683
  0.3793884878917303
  0.4289118461341998
  0.4859985458882580
  0.5508286406601132
  0.6231456041088502
  0.7020552793294458
  0.7857970604091304
  0.8715072880959055
  0.9550083221459342
  1.0306708768363613
  1.0914085669964195
  1.1288674384290185
  1.1338642039877855
  1.0971006098445351
  1.0101365650456346
  0.8665453719400248
  0.6631109928715411
  0.4008757592805159
  0.0858254245367516
 -0.2709783149480550
 -0.6539347314294642
 -1.0441136096226955
 -1.4210093653741982
 -1.7645949620526598
 -2.0573602392205648
 -2.2860154144537508
 -2.4426058078084285
 -2.5249012527384824
 -2.5360623796440218
 -2.4837114829224953
 -2.3786204335772236
 -2.2332586532489542
 -2.0604229431893275
 -1.8721126895731854
 -1.6787391001351037
 -1.4886850786290293
 -1.3081767408239544
 -1.1413944800392801
 -0.9907402317586974
 -0.8571831250070970
 -0.7406213105300098
 -0.6402171272914524
 -0.5546812599300260
 -0.4824964819503624
 -0.4220820236286029
 -0.3719057851056696
 -0.3305543952775123
 -0.2967715444832683
 -0.2694740545110094
 -0.2477535378276583
 -0.2308697423674388
 -0.2182400722181127
 -0.2094284560935363
 -0.2041357413000049
 -0.2021931005013583
 -0.2035595050113464
 -0.2083240867614432
 -0.2167141278715084
 -0.2291094317479307
 -0.2460638939193944
 -0.2683351513050413
 -0.2969231805808736
 -0.3331185547326008
 -0.3785606376848082
 -0.4353051504360954
 -0.5058990927071197
 -0.5934587416540228
 -0.7017431717561252
 -0.8352113172299599
 -0.9990450752703717
 -1.1991146917956594
 -1.4418565454811274
 -1.7340289781190907
 -2.0823112792081324
 -2.4927172110079825
 -2.9698106188066093
 -3.5157390640229336
 -4.1291424007784006
 -4.8040436658279484
 -5.5288817816068478
 -6.2858867675570727
 -7.0510125548666114
 -7.7946147191927535
 -8.4829810424732148
 -9.0806940626923538
 -9.5536444302516799
 -9.8723545482527086
-10.0151545970902696
 -9.9707155609209313
 -9.7395081231916709
 -9.3339182498140829
 -8.7769780316901738
 -8.0999117663541966
 -7.3388951125200048
 -6.5315345290276650
 -5.7135755277231528
 -4.9162513825728249
 -4.1645224093125117
 -3.4762745044354122
 -2.8623861359757083
 -2.3274636617820010
 -1.8709959716698987
 -1.4886850786290344
 -1.1737531656727369
 -0.9180891306609350
 -0.7131616096793644
 -0.5506790758033051
 -0.4230153687803664
 -0.3234404644673181
 -0.2462041972100544
 -0.1865191045540930
 -0.1404816374235872
 -0.1049619282283557
 -0.0774833282353101
 -0.0561052237934691
 -0.0393166831776324
 -0.0259442603790552
 -0.0150745294550025
 -0.0059902961076568
  0.0018814062304210
  0.0090117638282891
  0.0158053480202214
  0.0226301816493441
  0.0298447599943970
  0.0378239714843223
  0.0469858090146144
  0.0578207728615186
  0.0709259343793505
  0.0870457304451230
  0.1071216427122536
  0.1323529011921621
  0.1642701122589696
  0.2048230642767354
  0.2564826627452522
  0.3223546838643973
  0.4062994710957620
  0.5130465293821144
  0.6482860511355435
  0.8187109413722780
  1.0319736987896506
  1.2965142187989920
  1.6212099229120660
  2.0148022966606915
  2.4850681871865921
  3.0377338337819588
  3.6751762273989415
  4.3950175776190612
  5.1887861577125349
  6.0408759898209921
  6.9280693472527215
  7.8198700496016844
  8.6798183034118370
  9.4678190057149294
 10.1433328632007598
 10.6690893285197301
 11.0148291705436225
 11.1605174885658727
 11.0985132118667504
 10.8343382709107381
 10.3859271808079594
  9.7815009203284387
  9.0564357817661350
  8.2496379073671982
  7.3999628654953593
  6.5431428428897096
  5.7095331576843558
  4.9228090791650656
  4.1995763513551729
  3.5497350718050047
